1 0.880719 0.205591 0.189542 0.247783
1 0.813725 0.076371 0.169935 0.149203
1 0.665850 0.197598 0.178105 0.189168
1 0.657680 0.073706 0.138889 0.138545
1 0.501634 0.186941 0.183007 0.247783
1 0.263889 0.193601 0.191176 0.197161
1 0.101307 0.190937 0.166667 0.223804
1 0.330065 0.105678 0.137255 0.165189
1 0.822712 0.546626 0.168301 0.205154
1 0.763072 0.422734 0.127451 0.170517
1 0.638889 0.577266 0.163399 0.250448
1 0.630719 0.433392 0.133987 0.165189
1 0.469771 0.547958 0.174837 0.250448
1 0.498366 0.434724 0.127451 0.178510
1 0.316176 0.573269 0.151961 0.253112
1 0.370098 0.428063 0.122549 0.165189
1 0.184641 0.542629 0.147059 0.239790
1 0.185458 0.822385 0.155229 0.213147
1 0.338235 0.831710 0.137255 0.226469
1 0.507353 0.862350 0.158497 0.229133
1 0.658497 0.855689 0.143791 0.237126
1 0.797386 0.861017 0.156863 0.263769
1 0.507353 0.735794 0.138889 0.066608