2 0.564542 0.259778 0.089869 0.102317
2 0.649510 0.274236 0.112745 0.082298
2 0.734477 0.299815 0.116013 0.075625
2 0.837418 0.323170 0.112745 0.100092
2 0.807190 0.376553 0.143791 0.104541
2 0.782680 0.449954 0.147059 0.126784
2 0.773693 0.537813 0.135621 0.142354
2 0.748366 0.641241 0.163399 0.171269
2 0.710784 0.774698 0.176471 0.189063
2 0.573529 0.739110 0.143791 0.180166
2 0.455065 0.684615 0.171569 0.151251
2 0.356209 0.643466 0.176471 0.153475
2 0.633987 0.615662 0.186275 0.146802
2 0.518791 0.564504 0.129085 0.129008
2 0.417484 0.546710 0.142157 0.106765
2 0.654412 0.503336 0.129085 0.091195
2 0.558007 0.474421 0.135621 0.108989
2 0.452614 0.446617 0.124183 0.093420
2 0.582516 0.402132 0.119281 0.115662