2 0.936275 0.819961 0.127450 0.239970
2 0.787582 0.818850 0.199346 0.224417
2 0.584967 0.812184 0.222222 0.188866
2 0.391340 0.825515 0.217320 0.162202
2 0.182190 0.831070 0.263072 0.168868
2 0.099673 0.413344 0.189542 0.164424
2 0.290033 0.412233 0.227124 0.148871
2 0.449346 0.436674 0.218954 0.135539
2 0.610294 0.428898 0.181373 0.173312
2 0.788399 0.448895 0.184641 0.173312
2 0.925654 0.445562 0.148692 0.157758
2 0.902778 0.126713 0.178105 0.128873
2 0.745098 0.124491 0.169935 0.137761
2 0.569444 0.105604 0.197712 0.148871
2 0.406046 0.108937 0.204248 0.146649
2 0.225490 0.098938 0.199346 0.153314
2 0.486111 0.294470 0.119281 0.139983
2 0.628268 0.300025 0.161765 0.159980
2 0.768791 0.303358 0.080065 0.113319
2 0.383170 0.296692 0.073529 0.148871
2 0.147059 0.677756 0.274510 0.151093