2 0.747417 0.904234 0.441816 0.175403
2 0.763617 0.768145 0.432979 0.169355
2 0.748890 0.647177 0.250362 0.157258
2 0.476436 0.679435 0.270980 0.229839
2 0.368928 0.515121 0.391743 0.243952
2 0.137711 0.692540 0.270980 0.163306
2 0.245582 0.879032 0.491164 0.241935
2 0.759199 0.469758 0.365234 0.233871
2 0.124819 0.379032 0.249638 0.221774
2 0.398382 0.328629 0.432979 0.254032
2 0.150966 0.133065 0.285708 0.217742
2 0.520618 0.239919 0.382907 0.262097
2 0.784235 0.259073 0.297489 0.227823
2 0.838725 0.128024 0.306326 0.207661
2 0.585418 0.083669 0.270980 0.159274
2 0.308546 0.068548 0.253308 0.137096