2 0.825980 0.661765 0.197712 0.352941
2 0.646242 0.751225 0.158497 0.384804
2 0.433007 0.800245 0.228758 0.379902
2 0.246732 0.829657 0.212418 0.330882
2 0.154412 0.658088 0.217320 0.291667
2 0.309641 0.539216 0.184641 0.235294
2 0.531863 0.599265 0.145425 0.291667
2 0.650327 0.457108 0.264706 0.203431
2 0.571078 0.351716 0.200980 0.139706
2 0.439542 0.452206 0.166667 0.252451
2 0.212418 0.430147 0.130719 0.213235
2 0.071078 0.469363 0.138889 0.213235
2 0.323529 0.345588 0.143791 0.186275
2 0.424020 0.297794 0.148693 0.139706
2 0.685458 0.253676 0.109477 0.144608