4 0.258042 0.273256 0.132612 0.123256
4 0.360409 0.205814 0.141918 0.104651
4 0.487204 0.324419 0.200081 0.058140
4 0.624469 0.325581 0.097714 0.139535
4 0.695428 0.200000 0.081428 0.074419
4 0.784999 0.267442 0.130285 0.088372
4 0.161491 0.338372 0.102367 0.123256
4 0.159165 0.504651 0.097714 0.125581
4 0.296430 0.473256 0.130285 0.104651
4 0.346450 0.586047 0.100040 0.060465
4 0.269675 0.652326 0.104693 0.086047
4 0.444164 0.661628 0.090734 0.095349
4 0.427878 0.498837 0.100040 0.104651
4 0.520939 0.413953 0.113999 0.074419
4 0.525592 0.567442 0.095387 0.055814
4 0.611673 0.629070 0.048857 0.058140
4 0.527918 0.748837 0.053510 0.074419
4 0.444164 0.793023 0.095387 0.041860
4 0.356919 0.733721 0.083755 0.030233